Device=TITAN X (Pascal)

1 0, 32768, 0, 64, 0, 0, 0, -262144
1 0, 32768, 1, 64, 0, 1, 0, -262128
1 0, 32768, 2, 64, 0, 2, 0, -262112
1 0, 32768, 3, 64, 0, 3, 0, -262096
1 0, 32768, 4, 64, 0, 4, 0, -262080
1 0, 32768, 5, 64, 0, 5, 0, -262064
1 0, 32768, 6, 64, 0, 6, 0, -262048
1 0, 32768, 7, 64, 0, 7, 0, -262032
1 0, 32768, 0, 64, 1, 8, 0, -262016
1 0, 32768, 1, 64, 1, 9, 0, -262000
1 0, 32768, 2, 64, 1, 10, 0, -261984
1 0, 32768, 3, 64, 1, 11, 0, -261968
1 0, 32768, 4, 64, 1, 12, 0, -261952
1 0, 32768, 5, 64, 1, 13, 0, -261936
1 0, 32768, 6, 64, 1, 14, 0, -261920
1 0, 32768, 7, 64, 1, 15, 0, -261904
1 0, 32768, 0, 64, 2, 16, 0, -261888
1 0, 32768, 1, 64, 2, 17, 0, -261872
1 0, 32768, 2, 64, 2, 18, 0, -261856
1 0, 32768, 3, 64, 2, 19, 0, -261840
1 0, 32768, 4, 64, 2, 20, 0, -261824
1 0, 32768, 5, 64, 2, 21, 0, -261808
1 0, 32768, 6, 64, 2, 22, 0, -261792
1 0, 32768, 7, 64, 2, 23, 0, -261776
1 0, 32768, 0, 64, 3, 24, 0, -261760
1 0, 32768, 1, 64, 3, 25, 0, -261744
1 0, 32768, 2, 64, 3, 26, 0, -261728
1 0, 32768, 3, 64, 3, 27, 0, -261712
1 0, 32768, 4, 64, 3, 28, 0, -261696
1 0, 32768, 5, 64, 3, 29, 0, -261680
1 0, 32768, 6, 64, 3, 30, 0, -261664
1 0, 32768, 7, 64, 3, 31, 0, -261648
1 0, 32768, 0, 64, 4, 32, 0, -261632
1 0, 32768, 1, 64, 4, 33, 0, -261616
1 0, 32768, 2, 64, 4, 34, 0, -261600
1 0, 32768, 3, 64, 4, 35, 0, -261584
1 0, 32768, 4, 64, 4, 36, 0, -261568
1 0, 32768, 5, 64, 4, 37, 0, -261552
1 0, 32768, 6, 64, 4, 38, 0, -261536
1 0, 32768, 7, 64, 4, 39, 0, -261520
1 0, 32768, 0, 64, 5, 40, 0, -261504
1 0, 32768, 1, 64, 5, 41, 0, -261488
1 0, 32768, 2, 64, 5, 42, 0, -261472
1 0, 32768, 3, 64, 5, 43, 0, -261456
1 0, 32768, 4, 64, 5, 44, 0, -261440
1 0, 32768, 5, 64, 5, 45, 0, -261424
1 0, 32768, 6, 64, 5, 46, 0, -261408
1 0, 32768, 7, 64, 5, 47, 0, -261392
1 0, 32768, 0, 64, 6, 48, 0, -261376
1 0, 32768, 1, 64, 6, 49, 0, -261360
1 0, 32768, 2, 64, 6, 50, 0, -261344
1 0, 32768, 3, 64, 6, 51, 0, -261328
1 0, 32768, 4, 64, 6, 52, 0, -261312
1 0, 32768, 5, 64, 6, 53, 0, -261296
1 0, 32768, 6, 64, 6, 54, 0, -261280
1 0, 32768, 7, 64, 6, 55, 0, -261264
1 0, 32768, 0, 64, 7, 56, 0, -261248
1 0, 32768, 1, 64, 7, 57, 0, -261232
1 0, 32768, 2, 64, 7, 58, 0, -261216
1 0, 32768, 3, 64, 7, 59, 0, -261200
1 0, 32768, 4, 64, 7, 60, 0, -261184
1 0, 32768, 5, 64, 7, 61, 0, -261168
1 0, 32768, 6, 64, 7, 62, 0, -261152
1 0, 32768, 7, 64, 7, 63, 0, -261136
1 0, 32768, 0, 64, 8, 0, 1, 1835008
1 0, 32768, 1, 64, 8, 1, 1, 1835024
1 0, 32768, 2, 64, 8, 2, 1, 1835040
1 0, 32768, 3, 64, 8, 3, 1, 1835056
1 0, 32768, 4, 64, 8, 4, 1, 1835072
1 0, 32768, 5, 64, 8, 5, 1, 1835088
1 0, 32768, 6, 64, 8, 6, 1, 1835104
1 0, 32768, 7, 64, 8, 7, 1, 1835120
1 0, 32768, 0, 64, 9, 8, 1, 1835136
1 0, 32768, 1, 64, 9, 9, 1, 1835152
1 0, 32768, 2, 64, 9, 10, 1, 1835168
1 0, 32768, 3, 64, 9, 11, 1, 1835184
1 0, 32768, 4, 64, 9, 12, 1, 1835200
1 0, 32768, 5, 64, 9, 13, 1, 1835216
1 0, 32768, 6, 64, 9, 14, 1, 1835232
1 0, 32768, 7, 64, 9, 15, 1, 1835248
1 0, 32768, 0, 64, 10, 16, 1, 1835264
1 0, 32768, 1, 64, 10, 17, 1, 1835280
1 0, 32768, 2, 64, 10, 18, 1, 1835296
1 0, 32768, 3, 64, 10, 19, 1, 1835312
1 0, 32768, 4, 64, 10, 20, 1, 1835328
1 0, 32768, 5, 64, 10, 21, 1, 1835344
1 0, 32768, 6, 64, 10, 22, 1, 1835360
1 0, 32768, 7, 64, 10, 23, 1, 1835376
1 0, 32768, 0, 64, 11, 24, 1, 1835392
1 0, 32768, 1, 64, 11, 25, 1, 1835408
1 0, 32768, 2, 64, 11, 26, 1, 1835424
1 0, 32768, 3, 64, 11, 27, 1, 1835440
1 0, 32768, 4, 64, 11, 28, 1, 1835456
1 0, 32768, 5, 64, 11, 29, 1, 1835472
1 0, 32768, 6, 64, 11, 30, 1, 1835488
1 0, 32768, 7, 64, 11, 31, 1, 1835504
1 0, 32768, 0, 64, 12, 32, 1, 1835520
1 0, 32768, 1, 64, 12, 33, 1, 1835536
1 0, 32768, 2, 64, 12, 34, 1, 1835552
1 0, 32768, 3, 64, 12, 35, 1, 1835568
1 0, 32768, 4, 64, 12, 36, 1, 1835584
1 0, 32768, 5, 64, 12, 37, 1, 1835600
1 0, 32768, 6, 64, 12, 38, 1, 1835616
1 0, 32768, 7, 64, 12, 39, 1, 1835632
1 0, 32768, 0, 64, 13, 40, 1, 1835648
1 0, 32768, 1, 64, 13, 41, 1, 1835664
1 0, 32768, 2, 64, 13, 42, 1, 1835680
1 0, 32768, 3, 64, 13, 43, 1, 1835696
1 0, 32768, 4, 64, 13, 44, 1, 1835712
1 0, 32768, 5, 64, 13, 45, 1, 1835728
1 0, 32768, 6, 64, 13, 46, 1, 1835744
1 0, 32768, 7, 64, 13, 47, 1, 1835760
1 0, 32768, 0, 64, 14, 48, 1, 1835776
1 0, 32768, 1, 64, 14, 49, 1, 1835792
1 0, 32768, 2, 64, 14, 50, 1, 1835808
1 0, 32768, 3, 64, 14, 51, 1, 1835824
1 0, 32768, 4, 64, 14, 52, 1, 1835840
1 0, 32768, 5, 64, 14, 53, 1, 1835856
1 0, 32768, 6, 64, 14, 54, 1, 1835872
1 0, 32768, 7, 64, 14, 55, 1, 1835888
1 0, 32768, 0, 64, 15, 56, 1, 1835904
1 0, 32768, 1, 64, 15, 57, 1, 1835920
1 0, 32768, 2, 64, 15, 58, 1, 1835936
1 0, 32768, 3, 64, 15, 59, 1, 1835952
1 0, 32768, 4, 64, 15, 60, 1, 1835968
1 0, 32768, 5, 64, 15, 61, 1, 1835984
1 0, 32768, 6, 64, 15, 62, 1, 1836000
1 0, 32768, 7, 64, 15, 63, 1, 1836016
1 0, 32768, 0, 64, 16, 0, 2, 3932160
1 0, 32768, 1, 64, 16, 1, 2, 3932176
1 0, 32768, 2, 64, 16, 2, 2, 3932192
1 0, 32768, 3, 64, 16, 3, 2, 3932208
1 0, 32768, 4, 64, 16, 4, 2, 3932224
1 0, 32768, 5, 64, 16, 5, 2, 3932240
1 0, 32768, 6, 64, 16, 6, 2, 3932256
1 0, 32768, 7, 64, 16, 7, 2, 3932272
1 0, 32768, 0, 64, 17, 8, 2, 3932288
1 0, 32768, 1, 64, 17, 9, 2, 3932304
1 0, 32768, 2, 64, 17, 10, 2, 3932320
1 0, 32768, 3, 64, 17, 11, 2, 3932336
1 0, 32768, 4, 64, 17, 12, 2, 3932352
1 0, 32768, 5, 64, 17, 13, 2, 3932368
1 0, 32768, 6, 64, 17, 14, 2, 3932384
1 0, 32768, 7, 64, 17, 15, 2, 3932400
