Kid      endtime_seq     endtime_conc    NTT_Seq         NTT_conc
0        0.010051        0.019989        1.000000        1.988686
1        0.032329        0.060806        7.241549        13.620187
2        0.077064        0.023599        10.763145       3.295961
5        0.043558        0.012634        3.879000        1.125077
6        0.021037        0.068435        4.879389        15.873251
7        0.027865        0.071571        4.080904        10.481930
8        0.011512        0.021549        7.884226        14.758491
9        0.012897        0.026688        9.310327        19.266437
12       0.049093        0.075466        8.869443        13.634045
13       0.058706        0.042828        6.107349        4.455565
14       0.066566        0.049486        8.468531        6.295581
15       0.069904        0.057555        20.945635       17.245535
16       0.016725        0.054202        4.368601        14.157492
ANTT_seq         ANTT_conc
7.522931         10.476788
Speepup = 1.025665

